6048255
791718
305435
24703
378602
240959
749826
7331306
558480
982445
2325426
969003
3108123
647849
836336
21445
766211
69758
870340
434110
8088070
833435
155182
858233
3829782
72981
277391
6244337
2771091
240225
655526
73980
400596
347964
485979
231794
62587
163373
964372
269844
978884
79109
655350
773738
936051
690312
430414
5435807
369930
810954
626908
861900
305211
297901
6902399
711432
726125
628439
899842
3507762
896366
222664
95247
764783
6860897
176778
266004
779850
878616
765231
480705
396739
963364
437741
780437
966999
506916
449893
245270
725453
9230097
2500021
646317
9857715
10105
762644
734417
5103112
321073
9060596
872624
2547112
8660113
253356
733362
513798
1558
666683
5910495
928413
1358837
861152
7139941
746910
444212
4392060
4893823
130297
187875
5624150
296978
114643
928708
799390
3603559
10270
267
339187
383657
376666
185908
483129
430552
1214425
133159
622157
915104
628360
935961
918894
856402
1886908
400214
242953
470303
880045
1342327
115184
408257
983359
5690050
757907
8357208
323268
609560
730160
628044
694003
275750
4701196
896054
597523
258804
423046
444839
421984
9608910
450583
566337
872881
5092554
736873
692344
815628
80207
6372796
939982
233268
626598
51383
6699328
308236
436922
838688
518058
177113
286276
971909
447495
895514
668724
161121
242688
40375
325021
2477897
429256
514456
289567
478508
980434
121740
959577
6051811
78879
843780
286881
254310
444051
791157
663589
427621
273182
916685
140513
360301
192353
804609
2744067
4631247
128018
2699609
142295
940818
618796
58178
909702
254481
167810
985336
813497
742226
9643670
682831
640461
56559
988647
180383
2886154
88960
8131246
550751
524257
1435057
799516
313782
353048
927959
5470741
101217
615404
792947
196557
379636
578527
6867060
377936
657289
971314
720601
203834
9329793
602710
5620148
862061
947036
371536
17335
636135
4439330
274823
520910
608742
416804
219506
850710
765586
97027
89070
517771
684383
69893
262212
663063
705498
3452400
593682
887978
907396
152615
261236
101569
126041
2206706
702191
544757
325023
89916
65759
216843
168946
429223
26402
717967
3244287
286952
32552
28208
3183203
6850643
535817
631374
399822
874788
821582
9367674
850710
312
764085
866948
911483
144519
929169
914368
1042135
920809
344603
807195
46612
3433317
348658
595395
287034
646001
3568962
86129
584823
713641
715070
105877
3908643
699151
171912
990922
6575652
503433
376626
680527
695601
309309
3558033
297499
139200
401569
498255
925685
96615
147470
110615
2048465
470702
2756767
70898
894343
751024
146068
186524
489563
222023
111671
89623
3718458
667472
926229
199069
8633
993264
813058
518777
262084
8391891
84238
596465
964996
597785
8920958
313296
364469
3528261
787352
513862
336272
471776
756939
4091796
198590
82005
756462
368320
336323
400170
608417
5947414
5992
874683
438191
1947481
758501
691602
8212190
547727
97180
514036
573591
938332
15607
340913
721285
326855
338286
256878
123759
699592
967355
29007
693070
793705
559512
58950
703381
94187
626110
136376
395375
350816
557466
1540523
402109
343133
458930
701779
598178
938261
857871
87962
367010
964125
970334
528688
876149
405250
644738
519120
692126
85842
648702
700100
523727
632213
373334
734387
735764
376981
989158
4598262
614326
954812
4478533
956713
266004
367671
820964
547288
862891
607537
311951
9401595
1492603
110834
138840
750917
975613
474551
809927
239182
891453
795860
771680
248354
6101436
854692
734942
147443
386100
971065
319402
402616
784476
483546
4001089
806185
663566
832429
8510632
6550775
4161624
820028
967656
3584717
8865736
747118
172493
367722
53274
67120
656039
772386
617675
938724
868880
1756493
772969
524646
335672
721437
258941
639550
188696
928580
9443417
390445
38718
217098
4036243
119525
610565
881139
5934405
415751
848737
176195
2928462
438636
200677
935657
75712
560481
255560
157772
556079
730627
843659
737559
852105
7587813
164753
950127
849438
983629
187689
939418
319704
570549
2216843
261321
856656
3139426
435316
454295
273185
187584
488142
773528
7731323
784238
68939
3888821
592221
398491
532642
427199
828827
677709
803409
905593
8292490
58454
5647108
660149
843584
416667
452684
693644
277324
227091
3610245
993166
512507
374605
856898
1229040
4035799
1191492
482154
814953
849025
993373
6385045
3482183
400792
6788700
491188
425711
3047
347998
150856
3139989
810026
468045
304682
757215
502736
799066
475867
881527
383386
47081
523956
587353
12459
407205
971429
953213
641184
398892
941719
681499
604314
792645
230853
151117
390585
7720852
8124443
416407
8956082
636147
234952
670821
500497
195041
390652
7153096
460485
52426
424138
883249
5715822
9126244
4573927
231479
318262
142135
885024
594887
6746348
297882
518880
264905
573714
754682
233122
804252
774941
406467
4985040
320577
613079
4509138
970764
901707
310672
377032
8976056
771961
343593
670175
468756
336015
157011
253403
675400
404415
6770729
6423557
753002
811347
32984
302176
5487450
73640
979673
204283
599257
349217
671548
485979
287784
956065
633302
819027
807683
226289
682162
2376835
480777
2796608
587802
194717
591348
626094
573714
743440
928744
2501253
715739
905863
622972
330184
584347
2072069
749026
595055
804533
374085
415751
115361
739911
5087007
1498738
164773
65218
627175
8118773
711047
237236
984137
487552
948728
895808
3061958
908876
678181
891243
166141
341315
729621
732972
890650
889262
781746
282042
858018
1169915
606531
680680
825283
110838
787641
289475
422627
9925662
396891
731497
581114
391490
516258
969000
730806
173044
959462
955826
455000
485886
2968574
914051
661319
946344
453940
812505
3053568
876265
138806
349218
1662203
397536
971208
129873
4248377
896849
519031
8305125
786390
373320
383648
471034
891838
80533
256074
526480
642032
810354
33447
579390
560739
694781
683971
502568
726114
367415
5512471
543377
380042
738246
695472
915661
520428
504991
152792
273522
1246390
311715
997746
107323
632778
414412
455854
270967
9218736
404657
843835
720122
698057
457969
768847
257059
536685
27782
6014727
483006
2394611
7325137
814284
193503
5696029
104712
155440
14585
470021
848581
50716
591218
784169
71520
373267
767412
428799
883412
835248
3258898
914851
9410417
8296619
5329821
1657079
969981
191066
620552
4373651
813058
429911
3536464
762723
606679
840800
121006
941499
9395576
805096
276771
242432
932736
322590
524283
260008
181446
137991
868614
476005
879784
56232
660325
598016
498201
838368
370670
1251234
971021
239434
6341220
635524
482497
565935
866951
801933
406094
54991
500982
535293
980465
734863
549598
895838
672637
795987
705940
173308
427644
608271
701073
686302
24846
5793116
411658
562655
138128
891293
725064
547493
7016839
964117
617940
359098
7749317
609860
8916191
530287
446710
643038
99476
267016
26515
357181
9994807
129481
556908
125241
5839237
945417
365882
770054
524702
9387780
54072
289669
7506550
314747
7140890
804092
205079
267877
8030529
523298
93374
4646759
413545
598786
91072
380986
4788977
421031
139233
80872
21259
901753
649788
440799
477124
558233
859125
196028
105226
687535
912153
365036
1441732
862861
5314218
529188
36152
9990852
727658
455923
88569
6330542
332447
785219
782286
7017212
248849
315966
2615505
799447
6231694
704953
555323
787900
4278859
646302
703103
702335
947249
938792
797904
235353
999923
181928
539919
697918
7264518
83824
2213463
487770
476098
915971
302093
374611
429994
889565
5106528
12991
900526
116358
7550719
646688
553969
27309
696850
511632
745531
382818
701271
690223
61374
286059
6132515
718810
24954
126152
914063
773671
4809829
3130866
173041
814387
7066122
643150
382979
153541
304238
300131
912552
849710
337590
8816754
327040
5438786
429807
344217
4535423
166196
8900170
159096
808352
502705
5973494
6897269
492385
94958
313922
387758
101433
760879
897776
63569
4887180
807826
266578
5434275
764662
294436
458427
614705
191671
762644
87449
5127520
569741
178681
13703
980357
157854
810329
3651987
231881
371720
973329
108001
360136
837460
257965
54814
382188
5615495
650016
250923
351445
986825
716807
132191
133195
515240
494425
362416
800500
605829
473680
415489
357243
581150
172357
562214
957818
5375698
999767
339851
721045
986089
753141
372600
938415
983749
5264912
29846
264773
869008
477127
3252529
2078785
197811
176722
8229923
217636
374926
796051
333473
401507
955326
370799
66976
151485
3761369
708628
142433
583238
712235
566137
282707
7055913
1668939
358080
5150259
221528
425329
613363
442754
429250
304841
7009352
530812
385685
938006
900555
187497
888595
723568
657758
856586
2239272
411820
180505
114156
358000
138429
8144723
75981
408153
723856
107644
435362
9596800
270953
375222
981253
59486
2979371
4874447
573787
335144
9413791
904887
753174
209652
589390
366340
596428
164773
368014
909370
4509907
582388
584273
497420
978763
918136
526283
2518885
718466
5122883
703087
577922
823388
8315252
403147
497604
2843963
377356
283682
824545
475876
6431845
934037
892645
146119
663315
496293
414222
4706328
180800
162335
812161
831440
19783
931305
916803
374069
187319
4944929
643676
4428263
449925
1702232
729233
703643
998439
144839
830525
644148
613862
593676
407103
108194
929285
338125
760729
2048303
448685
768251
346409
841933
587188
558543
98028
100347
942527
957965
283672
878442
990445
189351
410946
129945
772522
408010
5126385
373040
416084
540000
599045
402109
577391
724920
555248
170366
596355
232987
83398
471209
368670
233421
815286
6009
96459
199457
86939
213367
481101
1640
289052
684412
364442
694080
752828
110445
89040
713453
300516
845873
532642
50835
163428
910009
952054
31920
332245
488858
36570
418691
431960
786549
925647
382263
134282
793256
828059
497742
791688
489586
675246
457653
336711
4388915
562554
846607
945961
175441
981595
78365
510868
637070
360118
173839
538515
149678
1544737
60397
5334858
776875
734784
472005
894288
5785111
80235
466727
4682929
441563
271591
4550548
768524
512484
281999
420274
6321502
713457
406816
100382
480964
508299
770438
1173154
901998
779200
4936508
370768
837818
865999
819966
148492
342877
538095
313735
88944
261803
812166
3259618
752775
124755
612906
418963
545731
208914
7326702
88326
862043
468095
2194
131532
71806
375478
401029
45872
6636744
830760
734726
331071
237125
496492
697712
717473
817798
617374
866670
165852
758462
570092
183602
639874
955326
783495
522277
235312
2206596
605032
228814
162016
554723
8262536
247594
188342
7074068
187735
585290
358065
3738597
706193
131596
605169
9159234
661698
233790
2771364
46670
669987
489045
302186
781581
688310
731853
575107
719203
48147
2726458
949333
532754
368409
903075
315438
468307
234036
9351453
608113
535736
775741
3215565
220149
9987056
630564
745855
536401
725472
821254
190990
7826553
342192
857684
404430
259294
295304
427761
855209
748483
506824
8726569
288203
7733814
158403
4838411
477647
597375
6457949
586006
196234
7850651
323939
858442
2392268
4286033
6542129
7245754
589404
561200
413887
465747
7515681
536983
285652
456375
894404
672677
82132
260368
438846
311957
430489
854712
952713
713549
463200
587434
2602761
536400
981297
357899
475879
545333
486642
8312294
905191
364397
578119
690982
257987
7387
194326
821107
421046
97865
579061
652738
724552
6630123
7055611
420034
896581
598603
939002
1741657
800578
9532
538717
638007
138798
791347
6085132
446724
188976
390415
222384
686773
6694849
151099
445086
914184
8604857
1146220
381407
745068
362237
858837
410608
1784102
3749324
29018
227500
842613
430502
724335
409195
724286
819996
351189
735577
953621
758794
853893
449516
751897
142554
394953
29580
908906
524507
928517
904602
9752317
254420
767078
772525
196483
197655
747887
4217601
678641
4552266
5538333
152150
1494652
9443170
481268
317716
398040
166196
830725
594994
494305
56783
506987
9800511
5688770
407487
758532
561071
6958933
859158
731053
6750467
288961
680042
8115438
728024
784900
207172
7664468
240846
2720751
543192
7999183
132879
925150
810154
227943
361613
182418
938983
640758
947386
654290
657458
79041
220637
636250
737699
723709
8928431
851257
683645
764365
278129
634481
173810
805416
810139
7647504
886031
397197
900769
62755
889943
192314
320715
334795
563330
6324747
515995
156124
280997
9061389
229928
74678
789526
597622
2544183
829274
722914
6377456
318416
740496
123557
426281
680011
63191
774156
833182
700798
83917
836336
9710269
5767444
23951
300860
261750
898174
152506
1797221
725504
882110
977494
211228
9000218
994588
189030
599931
844537
8801403
743849
866344
769573
101661
530308
991347
569026
107529
248938
973892
33288
215136
176855
4418128
8562853
671676
486771
1498918
329776
3077474
816922
160191
9704909
864050
848745
850585
116690
475101
775395
665013
4426956
5857920
572597
886823
8000482
4172915
8856097
923154
8815906
775525
1742757
489300
317080
858217
6969753
786789
970536
552826
835712
1889181
934791
651785
217122
302280
563351
379194
316092
1192428
541042
676505
208891
779430
835424
328914
587961
136192
916820
820083
37373
235979
276641
238855
641439
639550
3626863
265430
532102
708573
882145
58950
407392
2421991
8715514
401620
465870
2677727
327480
6564374
449348
690827
647479
908424
643104
460727
767356
222342
425217
1179164
762117
334803
233984
665364
9643972
280511
382390
6864759
77296
792110
3543996
9706524
641660
591340
28591
477876
797424
946985
143336
660318
545093
419130
186881
471517
540133
437938
6863800
359157
7346538
347612
3148888
352093
926098
390051
642430
8758796
979383
7999622
1852782
271320
672504
6655492
228797
138270
920329
620104
341268
785572
176192
926179
21295
336973
369517
59426
702800
485964
121881
670390
914584
6051638
1265362
164032
130092
310753
621737
932571
387358
39625
263703
134905
854639
775753
9160048
615433
4114464
821448
246432
392568
319983
534442
888662
908897
325353
291730
752144
3863408
275427
482191
854724
648333
279568
8479362
590003
888072
718194
785609
3514380
76119
251948
711150
9340310
962637
468282
196459
700439
341876
699328
261422
106980
180551
58889
353545
907339
32067
782710
292421
724419
400573
515626
650504
100134
623202
311240
267347
71113
919803
424528
442300
271099
183432
411900
2509518
609571
628964
6359319
742246
799012
61657
911747
499340
484395
959454
3377674
426802
290235
414203
622532
455479
119174
56385
86011
87495
127915
351839
386547
310397
247949
761743
5993473
480761
277883
32250
279733
4897802
8218592
677234
720637
431917
841164
549666
593857
788112
441784
150792
521008
225891
140424
666791
45893
325865
3491110
778169
277391
3265520
5944466
371511
644472
94831
6194020
697363
101042
357156
274823
871670
29474
454608
419705
211402
628744
806088
225927
557537
95720
830059
331019
346235
1480845
453354
652673
136782
238233
7726200
291655
742706
540072
8245327
358357
451444
334845
8581378
882731
8893883
906527
6575615
165870
558144
55907
601041
614312
538338
541718
9275427
196653
969527
284572
410062
5280073
127323
822179
860042
503641
648435
793909
188664
881209
340513
175115
928446
600122
375275
453105
32791
297489
282257
129772
436217
962279
1464
2794448
735577
6345119
944220
761858
178771
613209
955366
1099969
837131
493550
7400417
367950
742199
2032636
347382
432817
943807
79318
345714
2099624
2767526
125931
420589
566569
926142
9945663
935779
899003
705381
224551
743341
625187
746143
797481
971635
1889914
813668
209934
576115
6433897
306602
532365
508565
492409
432684
872729
307943
5587128
285698
6628309
608195
665071
286648
976001
444531
557678
6220539
6975346
751133
865809
798598
338835
437612
46612
8122654
925360
2302789
2380724
46789
4906477
938799
8442429
34326
987367
338366
673886
497600
237649
498550
683823
441524
545165
137512
844881
410886
413333
862156
977113
693323
32498
466456
885251
778823
331895
113166
871386
521739
2205324
6244559
575840
957391
175176
483658
112307
632509
669693
9451709
6083373
894642
637720
1832319
649505
984148
757836
381487
8973472
941616
627673
685505
906166
2709724
51967
607499
4270
7180656
307958
964841
585281
4207470
3669721
7245787
773722
210334
598139
611530
7225475
4524135
217034
614326
950557
109847
533090
344838
744228
31754
90204
27412
635531
626306
614746
893635
11646
2787992
205149
200820
587689
552725
974451
877953
420869
853882
1834029
938084
319936
928238
732198
309644
161590
507223
2407822
6115027
910716
135610
5272617
342269
820813
8205250
1586062
604467
533741
422703
824617
12171
373109
7315283
613793
670463
849019
4242748
803434
911081
500478
7425
783334
32228
208036
619219
586041
8299523
175069
291673
70468
354317
5967474
302229
706028
697958
520813
75439
7910563
518532
3424009
46169
973340
432266
9465567
29781
618266
283105
991061
94266
879189
334680
930506
2850149
485800
5178506
346340
781765
654353
937865
8813138
950033
1488291
937325
924524
3595341
2685402
598838
969420
118298
394863
8260156
863660
347577
758449
404477
8401007
704751
3026391
4521451
186170
965637
637309
342038
6917682
8158771
818180
146848
9525260
2454783
961941
463083
878110
93077
149914
535297
901633
230910
911977
455423
8457200
172415
505895
146589
5797804
452314
292378
563571
583304
5040241
81030
18199
864701
550378
300850
735265
991893
6496005
718440
695607
5806750
537702
2604174
1828965
171368
421178
337198
260679
636135
69295
2715559
7335871
520701
771845
958894
2998253
8704172
3996074
372363
3604688
591340
964272
227688
694003
554295
271388
923236
497790
7429809
437610
688057
600165
425269
925313
770885
166703
3128234
287874
90987
807973
741980
953578
338313
16734
521679
711172
4992496
96294
359949
6547421
534623
650506
987453
266371
304026
918186
732576
295630
56330
987025
548371
233031
468026
5038387
238855
244177
335714
2676839
44251
9014659
280752
5104646
1056201
764772
205754
567516
743862
763114
720601
931720
609428
905603
696009
443624
1139461
283476
197282
581962
211386
143094
4334481
762001
1946246
484395
405608
98086
303803
7021566
8947137
4539488
194222
641393
339085
737074
6884514
123946
283058
5569419
8156793
893262
281321
864699
298017
475862
863865
600966
128420
761991
911930
980407
7666101
945331
766065
936793
977298
566579
6448997
205438
6029851
743940
76764
939633
879553
819475
920596
329506
971062
851232
826428
937835
327898
3987113
632186
760488
387602
143115
157398
741588
3219658
547547
707824
747762
596035
670388
7827825
440334
7080861
4718143
148797
407980
654561
468316
394646
17167
1773549
4924772
7685393
5407973
326421
413295
6895272
860964
735686
510301
1970360
611666
698270
3503215
102346
849776
631173
629137
553789
5537336
911483
664838
144744
7136403
790301
59486
348213
864842
541502
9281540
31080
461057
806469
905643
194804
436902
71333
681480
361189
358678
109040
799919
609138
916800
552006
528226
528706
331066
15206
292156
9558650
603802
588049
892297
781358
6093349
65606
384505
584086
118470
8536972
620291
256369
719680
581465
422607
255045
117447
919370
109355
969546
971350
843276
16212
284062
75266
5538008
366500
192501
484385
456599
38026
719592
253207
967426
687920
284999
569641
258026
4119233
2109884
181928
808543
198249
727488
9327005
877401
288988
71138
543450
131917
973319
5787166
742694
424692
76079
47995
58778
3694205
823382
899849
817794
183864
490629
533825
3956110
272994
764415
565406
252499
2824281
4035498
50347
79952
71642
70640
7453
761550
8774917
285303
18522
375622
654574
742187
7370907
973946
4295566
7704976
831355
276366
609251
91481
50524
6448925
52384
91609
961404
139891
3387691
734336
389099
304085
850203
289046
9329319
733091
3065035
207125
761483
451157
919829
6255156
897185
519885
525880
5662115
5506341
720112
6246915
796418
644879
410032
299829
901166
566087
570529
754123
8001267
986482
325146
698897
5975946
530847
445043
918336
1258321
321043
951450
58918
1171163
254331
675913
247520
9541485
317750
466030
1177847
8115
774239
314191
894201
863223
221640
749555
3532519
609628
8825842
216541
962444
770364
671025
81077
797785
7351662
750409
814131
8265307
844079
882332
3481996
5242139
178115
6269455
350508
202452
965171
1577879
944959
650890
557993
983118
581793
21350
6171578
387650
781627
167164
7838562
4769
549764
108836
297234
221083
453665
9855463
977605
943415
952516
460402
21997
390328
506655
4757811
289980
837170
135047
241615
474459
8158908
592986
620828
7613959
753012
446226
4673724
941326
953170
982535
752615
37356
243290
533493
814772
7861668
3202218
8952953
221427
4124234
189009
855272
870956
260101
186881
813355
537421
594598
475531
242840
2513485
687668
723618
621093
669907
453645
432699
326855
913138
544492
754646
564203
572346
520510
7796491
204041
65773
873845
648026
301145
113664
564838
7876740
865969
286505
7745192
824932
8659068
339452
631928
453034
983955
915335
77574
5411096
925594
416390
900446
494534
382704
785196
432678
407945
408553
5091299
380682
4030039
764056
904303
417980
63034
913089
809574
415265
714774
48801
968393
8111805
9071792
198408
648033
617418
4488112
172284
961099
617476
31282
137695
140743
448741
762353
786229
2737258
877779
759371
575089
218489
9353302
205245
152453
474822
616162
6705932
864665
151593
508891
112283
881579
278535
5391570
215328
733918
450372
3920242
616886
710318
78300
3021061
616419
313615
446933
913701
859122
9663810
396899
232810
856322
298689
105865
424787
523298
215053
685596
275025
743833
971818
523094
1436408
442581
364965
844175
5518194
463976
266071
9801056
2345676
598616
489170
988218
320339
563004
738868
601891
859276
1284143
110370
830782
81097
568755
421975
883842
1420979
83787
55650
4600251
199414
592112
208076
448017
964957
357103
492574
6191549
908683
399859
419542
809275
5921624
842921
461770
663486
125678
7042363
857701
991752
7941004
888753
386256
4059682
8352039
502598
603364
515053
836669
505797
2223155
2309966
920937
107065
744797
192501
14405
7262485
151518
395083
4553900
765899
171332
594866
417027
100930
533889
206744
795164
7273008
817643
241012
700904
15423
1774890
2089953
507383
528911
153966
718215
827342
2102693
843113
350355
152422
576844
4586990
2643775
661973
46612
1500428
790975
960819
766710
103151
509852
222202
754255
7683006
188180
254082
168222
111052
35265
4808946
423087
310504
560874
191526
111292
852834
901843
1835439
205951
2300870
541589
416245
7789
124464
274642
109220
319
354259
799069
540844
515386
6155888
691379
9696725
578587
610434
792187
485716
3104907
874273
9087022
810494
473726
701582
63186
125651
889883
613842
3299310
500658
2054275
686886
301774
794942
5524814
93527
678068
4582846
69637
999521
4979363
34526
630044
795583
898894
918640
920113
58052
4238479
638492
727555
812945
858036
1045780
3721114
386702
423549
219064
609851
647220
229336
762256
455379
6239899
1675271
875741
112599
791688
777028
375796
541343
43998
344696
653756
481823
877672
101475
608199
226258
282240
936577
9435955
424293
77451
609252
415177
9359349
723441
9720960
730920
608278
6911566
129722
113562
653056
683686
8465748
333594
427535
55924
126032
242920
94665
151936
343287
699189
3975885
355843
428983
204636
684732
316303
940244
47199
5039428
649548
87885
781427
327962
31576
523216
733225
8496225
9949534
833797
4148151
873845
590879
5208560
698983
551240
73677
229677
800162
944345
600842
364767
87328
231976
9483902
590847
721782
453100
77087
628835
260022
712397
81378
2928670
1645379
412894
259389
611216
605452
744884
1497945
19494
179493
608518
596099
756031
712737
843312
9616216
593757
953759
357813
75128
424396
813519
108219
4176623
1959712
502509
793256
7161343
760676
420344
400549
9230259
64840
7154070
423321
923281
371749
732449
142365
652755
598928
7590181
878488
236624
9037833
351667
172917
838845
696696
252717
869576
829218
3957858
672947
618278
154706
8961942
222781
717029
658018
618344
93846
1470239
970840
6050025
391542
6991915
875638
927354
674821
3545504
739017
932790
449552
886587
895258
9135702
617055
300129
434088
7175
5844706
384695
509532
409558
690600
61778
381491
4450284
3524003
915661
120271
53933
10825
705158
95720
126114
71749
7161413
941475
57222
547536
910726
224401
615221
373373
1795447
508141
806839
543710
1908701
532037
2295043
901226
559988
228600
250907
42407
300926
795365
229506
890811
2657975
680002
880101
338649
680876
980052
1165024
863789
7140656
375957
105188
7022521
680266
696381
2237283
187222
650025
753477
654201
439790
960382
9388000
555961
232215
21000
697378
85531
524884
849598
554339
177410
1598527
514432
707814
758553
488453
326814
340484
928386
250929
87492
4563169
64856
367054
953213
339424
9898100
962695
275139
616348
978832
4532341
859234
342149
775584
77499
135189
911031
9989114
568662
957669
390741
192302
631515
1219921
302930
360463
28150
837033
2608479
220843
909584
1322873
41742
469710
267518
598421
647022
548266
149153
813935
299051
5281263
393831
572759
482857
650659
372481
877302
82215
3215192
4837563
562754
252984
2589626
8220607
259874
922254
926259
139796
805127
298300
824393
417545
494197
3192514
643038
238948
4877575
3908590
6292120
573851
652050
892820
785865
5718699
102796
1144501
9764021
569668
619721
744370
381526
2324192
169196
995287
354223
856183
674878
654541
749259
25328
6544617
269305
70373
694451
5788910
140042
720681
548024
8651767
912806
846880
281226
703760
340786
894839
815976
763114
4587311
571534
148141
473116
380416
894345
495823
990189
290614
98166
792113
258433
665752
397727
42597
12790
343149
798048
909944
108072
786208
296544
134182
931087
729986
984008
399581
537088
97996
226484
564896
7140311
150342
362793
785921
114268
4123903
3708170
47884
664776
8389056
644636
730813
1528441
896585
408763
569550
6975337
734971
2011947
685590
5194180
691950
513056
92799
4738481
318552
990452
257056
504721
5154898
363066
8058434
167794
660994
56322
959506
7204028
216289
704242
48059
51814
570099
745052
266659
411829
3647104
427847
302188
21631
6099830
7198956
1886279
177387
340467
821535
150522
346243
834912
212932
283601
494060
893691
527646
963592
2468714
110174
150515
169240
861252
750449
8614692
7919478
1919547
590909
56783
743030
4457335
7269658
2648091
113491
320810
455733
385567
126759
418325
838826
257188
8005425
390415
543583
1311995
624577
684250
643920
303166
588049
938004
262013
636265
461873
6127579
246348
7415274
2144370
676539
930151
753628
7475035
4038072
525505
118867
5677426
3915186
7825858
8662769
215895
157615
571254
854642
834234
357962
388370
8133463
843222
952444
305057
140424
764940
626004
728242
21259
105916
9856224
149902
5351114
869855
638778
143283
539433
383653
464678
829653
410288
159284
402190
204318
370795
834275
484908
891524
791968
640141
1980416
213949
8908569
9576854
8530830
687334
5196236
50844
86761
314223
342868
466134
198780
4975750
3082456
182932
425427
536633
5288051
180881
662648
394567
3197381
822782
227515
604053
210605
785344
532497
547496
612990
94485
74868
685595
976224
547669
362251
924704
175305
1108937
391456
177159
971173
535996
68100
538200
181286
2192349
126403
130631
83824
253799
766008
863388
415130
414135
709711
9411748
738261
9928033
411722
505465
372796
59622
384463
959464
100249
806808
876087
7992
8219522
14168
493221
970023
6805909
9183808
75257
818652
8896697
144620
1047804
350364
821620
8198463
569567
3201976
1790012
114917
297003
931269
867637
121820
6603324
323474
401496
9419590
601029
2700287
623052
313045
257039
291567
538492
390123
837758
380029
570191
712370
758805
338540
90059
180987
4727326
1208349
726026
592139
878332
697336
744371
360958
743332
645921
423744
843029
748015
732852
804609
849922
5791212
629790
231846
7357528
923930
191452
504996
961232
1767723
480027
628233
740247
220597
4834858
845560
1670767
6069646
375335
609282
236289
546049
829668
368113
410186
907810
3264869
2718
346733
8737808
246382
692516
957537
5216034
6495739
319721
841241
48091
915941
424523
452890
250990
75131
3823578
999560
989949
650055
147257
869579
396803
571550
94394
54401
709834
303965
78192
49385
359738
390675
766049
100965
496624
283277
879246
5304
967192
840593
295955
405558
357922
308501
812101
101007
304811
817566
2629185
946821
923745
3045714
241595
829580
543208
942140
730813
118053
349162
3439613
3016955
3219322
460773
357899
487094
696378
659999
589636
473839
9266937
574067
836394
289980
534103
845489
229162
332065
7652332
559097
439607
389099
612019
477305
87772
294287
6494096
572887
703349
284825
792742
8220626
2045997
1575704
651331
329535
967166
842342
991167
760765
934467
934537
374177
114813
478881
389156
361744
685534
656221
285698
209652
5691431
344402
932001
569500
8307705
2074842
827238
330610
416450
831233
441505
40722
737483
652613
289071
4237328
110919
198014
916744
9558
788215
382765
701352
755762
245010
940825
995249
678883
157615
882682
853623
69446
736502
31194
291024
187750
5156117
813671
552184
781350
255875
885568
919744
658884
9306335
986973
816504
972054
283817
447059
774296
5931256
211386
2788737
952905
7886917
31353
898160
406499
503555
7624114
170526
808872
938299
785345
715296
875124
2033268
651531
5739719
199252
711227
7328231
316826
91540
123735
889089
517411
2775869
686610
888911
261167
221970
740338
6053804
365739
2329072
833581
170616
396366
523960
20451
1848140
52415
215159
760816
32710
300736
22153
390194
689897
738791
712642
7300527
744752
772067
772342
209902
665902
325663
152567
884410
177088
50252
6651247
652584
357571
889784
5587169
274498
750834
153057
380932
980664
977776
442396
571017
2672965
5700085
291858
451772
218808
722331
587592
224434
2944657
765218
846960
653455
9970841
783730
607852
328392
430629
879730
78833
987967
74631
143887
4589166
270426
370583
665564
467216
932725
886563
6986080
2996367
259008
491537
772443
816298
431276
962379
297815
6971069
9160091
177387
433166
236972
865796
5305038
424373
984058
705485
7717858
1393227
1956396
129566
311753
830591
233390
352980
644112
715872
434165
960901
7472330
405388
337057
85429
337522
738324
998359
958316
581944
145364
373534
16867
4838361
1856801
60455
77970
965780
881289
107746
473680
383063
577411
278004
514946
794773
2811303
103716
4671371
6710833
116333
283601
511390
636089
747780
338045
442878
573598
8678991
425197
249051
757190
5321696
255000
4695769
504205
996752
265968
373736
4890179
571178
443008
1434976
238480
739931
530160
4535549
841110
594615
6779606
600752
386442
7406287
633260
298423
143796
372104
74991
3659865
230868
1908975
945404
59301
848502
130962
442162
890935
876644
430489
47767
756010
703333
906583
34067
714116
20118
4087281
133753
313570
213759
1932805
597058
753592
2246969
8536399
580365
522924
15524
1435252
640463
747292
789445
794278
2393805
800251
8672322
7064670
808960
662344
823150
763502
2662776
382468
885948
803011
733537
487995
611589
512484
24857
50876
6590974
600761
401330
525011
617117
9660187
242037
341872
410013
555818
837997
868499
973279
846244
864014
9327531
295631
23846
607243
510663
185161
589441
261800
953738
130201
823423
6610712
852711
7940422
657911
359596
828757
402867
245010
504427
876153
330719
8353689
723856
33587
644175
236679
696310
916725
43987
761539
912564
435637
5311472
598447
581237
6142113
833460
261682
754551
4220969
924719
567920
179056
291815
176891
315557
424695
775992
7240879
3377534
975828
421913
93952
565088
563733
598202
719723
797806
259118
115163
292829
606585
837837
202686
1227635
68356
315450
632193
730998
707960
8374634
620083
110389
821052
740012
9158469
621026
446553
5382848
435362
5279151
951692
8877458
589601
154419
313769
289974
57870
972485
799365
8640890
48176
9347
316659
564201
411806
525106
708895
970221
892714
878203
72249
720112
551675
101042
488969
597530
320682
2618902
408567
576080
653013
260146
173852
863803
502839
279406
644018
786112
513433
284136
906098
349703
159766
682723
300975
2798665
347949
25471
343530
410404
99222
209606
2738689
788654
567088
133124
935657
124045
934979
30652
1842990
740592
775316
626501
798174
353904
5670134
977573
414002
9949051
492125
458235
47725
219064
669680
938281
1753248
621229
393484
478411
6187985
459462
72241
629821
100563
690847
576697
406545
9080027
420695
468296
6717204
163431
754296
781767
175639
6596199
79532
636753
1515931
592346
933313
3878178
342716
716634
511708
5281834
40360
587316
436253
2873954
261184
387208
929209
641354
436307
193431
852076
566359
5805549
679821
1053821
429682
231879
58525
5241195
572500
4658373
2039072
3953836
261000
525127
5138618
907184
430378
1024429
608796
339181
154547
481285
726193
236036
3030078
856795
983764
489696
41998
703748
12300
31158
304422
616396
923210
194369
180546
208487
45944
4825984
196331
139993
688413
670450
5778256
614628
440917
490826
327436
470640
199900
48262
876120
396567
42905
357802
404598
351774
910499
921941
435882
58444
978595
7140922
308272
648676
950377
177786
369774
188000
472143
513840
755257
829714
365052
8429405
580973
269637
849274
4039932
4758630
593353
471196
809418
383102
6422516
465145
385677
186175
3564802
1050564
840223
403765
206635
412837
237334
905471
841164
599860
121832
134831
314473
375167
162818
947386
629807
8082619
2332337
78570
31724
9750331
444394
875540
4333453
997271
991848
743097
187083
956597
390047
242037
316838
221417
2254
439289
26461
306465
7352444
3044897
245267
558832
2647740
219137
164161
378650
405083
475058
25912
496886
477934
971635
58021
635687
995650
24703
862061
536568
3142659
948378
825064
319605
40786
350280
190022
533889
622064
93047
949376
156544
710003
523616
963174
470993
196820
1787449
446483
658271
7575760
9834
768745
706481
823565
1722639
766927
762845
853100
714856
807293
5742211
636195
819573
2227523
6723073
528246
8261319
760136
515361
130543
814951
333843
467649
777242
432879
98220
5616367
243969
489577
670064
40839
678883
738165
607430
238922
169461
314802
518622
3568390
5372012
4379919
166867
7517524
835712
454872
460928
760471
23054
5386580
728733
300483
438716
461597
506254
711047
213367
150422
713968
3748945
715688
15209
900480
698398
510318
124080
943334
267544
149075
821536
62761
554191
641697
9141546
771798
91815
771982
815201
682366
459180
317000
591976
692804
189062
582042
5567256
451502
2952448
453546
573123
667178
781043
524646
908676
416390
5200384
349164
99830
6161946
215317
27547
574631
129753
904842
135602
432643
75611
178010
813530
359462
957077
472238
22164
841584
1682919
939128
439417
863654
559459
434539
773077
8301936
764930
291521
22845
945026
956144
780621
264674
684732
105471
164591
837602
839460
7057693
904887
611477
223336
849947
4790499
8979430
865733
274978
499894
192074
776084
721677
458294
782009
375493
776896
665192
941491
111600
728541
819857
845120
980064
967704
8861513
40925
97328
979122
291053
210365
1147721
3867412
341087
135765
239434
370998
566174
786088
404246
466068
131286
343977
102341
4371867
319107
642009
328294
7527430
708573
205491
532705
446486
2182479
7415135
7768435
502013
936979
6677230
3823143
870725
392034
186545
518207
982558
453208
7698306
666173
64256
266286
362394
9865328
380653
302203
408963
419294
26600
443879
222331
693284
2316118
462634
883025
502191
34270
118976
5556328
2605774
6604067
39392
589058
600842
759349
984243
895258
487077
181694
182217
8541687
320641
120206
760149
386736
302393
7453979
44209
625754
204480
18576
609428
6511686
5601650
255892
169675
705059
8455070
284180
71993
223993
579827
309868
262940
8029490
454302
870130
738405
1853618
289284
9236376
9961927
72181
472647
43247
25578
138230
1379799
154745
134715
458861
554676
3078484
260662
638648
671025
107083
617374
604945
998975
313009
162723
856333
873607
8876726
57808
14830
10910
535926
1588506
680206
1849609
703748
515859
3812346
428623
726304
3916114
610066
874788
467237
606722
835804
796027
368320
948632
885552
812706
400736
986775
248485
906451
533858
157079
230340
868737
336804
967202
4724581
275142
987165
88800
965023
640015
738272
906581
209649
710972
7397738
385116
902952
897609
426065
953427
2685626
6302857
310241
327311
447276
440474
8969396
808179
651394
8354431
941288
113284
498945
107040
618381
35423
631658
4136099
511958
791244
891048
404828
804476
921858
164952
122630
973226
746997
916782
9583167
739655
918690
332193
975840
113664
9496617
554581
663583
859251
682815
973379
460671
72368
7886260
263343
449335
907496
643336
611633
552339
296559
7866601
959988
915960
411932
130165
1961112
750091
784988
519186
387412
646302
32361
5970026
451230
389964
454761
431142
3416617
920103
4278676
968123
856858
10336
973376
385871
5870283
546549
349324
464686
100614
307623
7348480
267418
813610
404271
239568
466414
198197
315944
139213
522058
856028
129733
33099
902271
225399
44403
742974
165700
5023426
849776
301627
791505
8062
251058
895830
319325
429047
426343
436524
4440414
281097
338565
128744
672225
847092
3024626
252149
8432493
217143
4223795
854590
675572
965682
861442
719861
211313
760663
494307
3787511
4920574
932772
3473226
674544
718352
970819
322088
251470
301531
6059255
342721
938451
644112
421864
7173858
669406
563818
437192
8324413
787631
437635
665760
291905
311389
553382
905627
546949
971360
917208
5640374
879467
447932
347250
552845
457290
867585
916138
949236
433017
4560623
451970
169748
564143
44922
885852
9413393
332756
382558
726945
256400
843695
869115
283105
525072
296591
394470
3852814
540379
3928443
2513641
935844
6273742
322380
518532
298407
996605
524825
146054
625391
6023735
710889
398827
4782963
905756
3529934
711295
397512
1322765
9582404
123356
157885
8624603
6272386
9987056
973496
55368
837602
465549
267910
466762
453541
156926
996648
686418
8881712
704541
740942
933739
4390266
351374
783958
954246
104790
134931
435437
796370
60148
8104057
7124143
8221933
5372422
89618
576310
3995377
333828
469137
180963
208554
8955010
203787
541135
767347
698097
72292
503267
925594
5540990
659682
682692
298472
26620
179129
560025
154547
80477
374384
298558
508073
217167
643723
2734357
957610
601373
658678
127538
674207
486753
416234
416234
9947389
1678515
288141
430091
412617
8404948
353932
622444
358991
983868
762068
4127515
788220
538034
34057
151116
227214
975203
160311
2688418
299133
169038
122320
457452
877825
875104
721613
2771677
570221
992504
6341930
851936
188906
358424
419853
19494
132405
414891
624120
1937000
763315
146037
215033
644080
76341
160106
971264
118514
7889568
9811008
919389
795745
225985
270967
7971603
691806
9114679
887579
5906027
2443266
475876
8541579
315764
8690577
205037
336643
963780
573236
817368
533879
510380
890395
817687
964126
94925
5348510
168950
8838244
937683
664988
953972
1621957
452305
638778
3135264
265434
1092509
233907
528040
595386
643688
920349
334155
246205
623202
944090
797910
442107
123293
52436
591288
457609
343245
667543
1546523
691052
669356
241434
233395
904508
330550
269603
185154
106570
403574
79791
628228
269679
977050
943295
4673106
9131658
4765648
224680
15790
759404
1353036
2732136
508144
256440
545444
842644
2629755
4851083
8712925
141934
835995
3039765
361498
329404
340711
809760
866980
2446115
188492
162242
2512110
810610
602204
822239
913971
343858
2168062
748499
561526
918719
658817
614230
256354
344036
125643
605624
942613
847384
783471
381311
121322
322132
6030673
9481401
709541
739609
202472
670052
996144
314076
488136
594501
328576
620474
244164
65184
210910
425461
4941165
315309
708320
522810
731678
149844
5251989
543580
601714
366817
139383
948525
633250
582016
919237
444957
3980974
1277879
442715
224548
639928
651837
429933
625214
402729
159490
9936605
4617273
2274472
422329
597649
652428
513760
57249
825434
443917
557068
933068
239133
165817
5952616
726671
274179
86518
248610
682741
328423
3856991
8755662
694852
4216562
223009
520225
299704
750713
9072975
136604
547374
963426
620684
1832515
149379
358168
51257
871076
227906
6853694
769493
2096998
492490
861446
199580
3333694
700487
760120
411337
249289
79703
1350744
370554
64367
96569
767099
284937
936155
223761
564009
35744
374278
680534
2508924
7664011
5833403
1044474
2318126
792645
811053
111520
139388
168064
5600607
73528
836812
8773769
913499
298568
249642
768973
43092
995961
7296593
960538
374621
513894
700780
224516
952791
217046
229022
510765
1808372
825347
5393011
1951851
81409
188993
472211
334703
974544
753909
726480
639362
9217879
479126
650935
140988
706955
787005
785455
960282
55374
18416
525210
878332
48005
364528
6607317
6509967
737678
653
89523
680837
638871
638873
761450
150576
822595
803673
403994
817823
102029
3693172
746267
175176
6321150
807750
8789706
956036
131532
986426
181060
156853
8364037
404327
868101
459184
618005
907862
748463
805570
2564509
364998
27731
203137
622932
60677
639330
662771
556759
961252
392343
766738
561029
4957916
18913
820575
2690638
151696
7754494
519675
668116
663315
364442
501947
2520476
63301
936677
487791
930491
491682
881797
825407
7256431
853100
232644
3647262
3847080
804785
600483
3781709
886452
223650
682699
438602
439018
667812
920314
227634
40194
590442
9578576
7583943
654683
5966716
841354
686280
2149498
204483
394352
925160
103096
6867334
7892883
166798
773508
496167
8524510
89483
310680
3315583
1984841
38040
969267
9644
403149
5430378
319931
167736
6596983
352386
471674
542904
147697
814443
2071858
158457
1319333
124950
621244
297942
478967
189868
532849
750658
599483
3953376
796989
140824
75128
104222
430506
976647
629840
129186
991076
92214
76372
417607
426584
998466
1292258
906603
707012
118867
966725
56664
797157
485711
810464
641489
957625
1650993
287964
1601461
1151744
86042
282067
213201
938380
442117
166918
729575
5522311
706637
157924
786219
9221430
8540796
232470
46871
809084
474097
506585
58557
905593
9398735
479209
878976
478881
616116
719996
423017
756042
419530
315366
593672
407838
221399
609629
325670
152766
673733
817623
538849
425779
923119
849922
818316
351107
110779
907496
379555
405607
446464
846903
944246
945642
539561
4897046
7078144
402944
644637
69458
832250
381787
132204
194195
306476
219008
3183517
9848298
965350
395320
601151
6380629
203000
225678
272367
581962
762995
277286
287395
803518
6606352
4069220
744378
353836
3254011
9994
402726
7001412
781150
325894
520609
8215791
223187
104363
406186
296530
8947357
162411
568409
5744639
323683
752789
6325211
14649
276105
417099
360088
896338
267483
8488203
9412915
247080
173624
413122
243269
274843
22160
578761
27735
245078
259422
875124
556246
690723
389642
2903687
5668796
3480399
182884
5515289
58188
764568
587606
925919
3419830
705369
568079
729664
35150
388710
2062498
907319
8537665
879449
335014
967124
594626
188957
148467
201678
89317
543487
169675
423315
2380393
810059
622858
48711
452906
917676
9288558
153551
141841
330262
9509904
979626
920455
3490503
75908
913507
91610
740897
8353018
574603
590770
940825
164813
3742
8355500
886504
2964245
553895
309818
8926247
940587
977895
703576
953453
652708
5357944
352010
621318
322887
722581
400525
653740
496679
97379
803262
847219
415404
810989
428294
961853
16265
259008
624698
959266
952846
421361
605337
88500
796615
752230
939683
993895
202069
243641
7543231
243255
460060
6981292
570510
339957
358303
595760
2955120
54191
18494
6527343
2629972
122000
4282533
366635
464178
356724
608671
664557
8895283
4184
951394
149477
209410
838679
189614
234909
593261
898089
8728840
490885
2385222
7434866
407523
211290
776084
660487
111760
699550
309310
7997965
79057
92016
93812
883383
234687
1945721
590046
352981
94950
753237
31743
3435410
272773
831018
585141
505147
650215
275414
7308129
380909
801447
546109
110042
376707
534870
473360
882115
856025
779856
754479
412590
252717
922032
557038
645966
512084
288608
406112
36017
476327
869309
522094
2948417
715024
791588
1380587
634980
185034
256832
972035
1216413
60677
121196
269637
4359801
963511
818366
655062
8895162
734060
5149023
659695
186411
419530
952054
9522178
722755
340849
358831
678282
794773
467099
8906449
6146
297297
715155
784540
573565
499210
301734
1719998
545381
113732
282131
225630
476011
1299912
342832
687948
548240
4602
975828
222430
83254
7171310
542341
701306
322931
6677494
831259
636060
499766
43595
63304
458997
717782
170348
6695039
794579
591521
327568
856113
222661
949860
9751
396771
5114984
7755789
782813
729061
742694
347510
699348
7470466
524375
2302200
526726
951662
15923
442587
462551
463808
4007861
264223
8144131
989317
7938650
116676
125983
295834
225327
9994
793705
403300
113535
239372
469827
448110
7559430
719366
583251
12696
895548
683522
65498
605032
338872
407883
669338
130644
837360
866070
733715
125101
793359
666515
8179374
781427
118363
3189035
143540
118743
60815
552623
439802
661046
7292020
681461
248244
8409100
710660
859917
259496
341193
7341271
696839
880312
895539
923696
7226893
423999
517277
918604
768682
585671
204282
290778
451084
24156
119796
114613
110591
7533123
8847588
709413
641654
204147
784534
781591
2120
319990
398206
777368
7189435
67120
267181
627900
518625
592245
8467792
5389736
323088
646949
350049
4563602
857342
102206
413365
26887
731921
611301
8673435
577021
536482
839880
607279
349349
9242210
33283
988647
3476828
323718
8286242
693509
121127
677189
688518
5990960
976213
519645
643380
208667
91529
80469
948876
27730
237108
9829571
202628
739917
1308473
92153
577425
662723
397517
625922
390741
190878
822852
54209
81219
5250316
173813
7508848
674940
997758
843835
286353
111929
751530
177310
646778
878439
812710
44760
2473223
117617
694198
29256
6316541
2688793
312660
8864358
183901
7868703
1971595
162286
5911272
269251
698112
1962024
3674803
90376
320173
698859
9094904
579723
5563505
28036
183032
244666
994634
110115
484350
413261
126516
938283
986388
739175
436484
822702
134410
349838
36338
453549
167335
2498627
1402134
16009
19440
119262
995175
577343
621184
323845
9673321
345227
4171739
740910
557211
9141669
3732279
68368
232644
846
412383
673470
160558
357970
6314330
354713
440796
3744925
22433
753460
675319
295759
267706
159219
263952
7791615
168037
499456
325015
7932017
5808297
520919
6947330
136875
813412
2566748
348003
806161
794278
666772
204067
479518
7993110
963439
894874
867789
635478
84805
8718735
169458
4437229
859948
109769
882332
165817
663900
513862
392193
104559
887833
798048
721239
1865209
326597
3588923
942040
569438
405352
254597
737678
415064
1582365
624439
327280
366038
371720
949081
559336
49747
250016
9968641
525846
125116
20614
6078786
788384
876580
989475
131035
3008911
134922
776453
3889617
462579
405331
4319492
32735
50347
485359
246323
596928
385766
211406
155959
282170
992520
847333
727399
409523
42335
9473760
89826
964158
218970
163054
368391
479088
1220093
745890
925936
35932
330940
310284
500311
116349
325594
546619
123380
496982
5807796
529264
505640
838248
129820
599190
155930
403865
902241
732513
951203
921914
470179
47821
56460
34789
258536
385032
1679607
759909
657793
2868194
5960190
888355
357330
5603731
11297
754595
799621
250660
773175
502047
498256
609571
413504
604312
376001
981317
2682010
719548
730982
806953
450762
6035563
946416
929943
49804
465330
59836
389121
843554
874889
3727726
646425
147046
293659
725936
937852
669825
199181
451155
50690
990826
2290
845859
376045
7791263
833825
112212
305152
97463
202596
903671
922447
212649
248641
200369
412899
643236
218418
8617381
355454
336238
166309
486019
137848
501531
411571
656570
938493
194055
877681
3699697
936591
940031
310556
378660
159355
643126
742445
906243
925619
942680
270426
480180
512953
904671
875018
1330182
295281
887375
621028
919070
484562
541521
3204904
90554
996456
797910
167069
145996
652800
583234
306741
327818
4705336
504302
6977982
748988
3317074
90174
536589
840274
541846
132387
283312
857909
789428
68556
881383
857527
855033
666777
784250
290697
9745410
753621
445428
493006
171053
18553
110253
302465
217930
284135
72531
42223
3271061
38953
404103
725573
82270
873078
606783
34640
6627355
671617
5845641
6178768
660423
819586
843592
702168
8903116
406959
2901348
70104
649854
803176
468895
132982
982210
6398007
3101271
135314
222402
1365280
413517
2206
3263976
70716
757221
858162
7518142
741937
474510
810404
8192986
529126
271797
917107
273787
602705
560873
264290
868630
4400007
196143
2982157
727251
181992
867125
298822
678551
711615
100613
195653
139496
621649
966491
20632
76907
86067
651047
591246
943950
467224
1666495
862495
135108
8317723
586786
611811
874939
488980
411446
9492249
188252
335392
815940
657413
758052
793073
546270
2270208
4887856
196446
433884
478802
326332
493722
418638
394953
108427
696712
885432
104270
30424
969186
994926
930530
654253
657747
402904
1507587
273444
90151
149150
681009
5923447
6778976
327951
344006
5686036
1304216
155689
596580
786933
217013
640134
4939961
143121
400725
100436
463105
889952
350815
672185
6340483
874554
182049
489464
58237
816298
197173
524702
753049
162091
40705
762704
370999
579827
897807
26366
360632
895831
437142
663341
7377125
524860
2227365
594069
790247
341026
4030727
656531
400074
467284
85715
328267
200342
697787
6409822
554062
279915
633603
371011
367721
404285
841214
711227
327069
734385
672310
144677
485251
656523
9012437
456165
374705
636400
233617
405755
853940
880702
876574
636389
17895
669882
955878
58858
231165
504112
198385
533841
972758
86975
227253
911193
205828
931856
9303762
460250
691850
282656
142404
332603
4019951
883283
347209
679099
523241
65379
301162
297833
384635
3779028
276571
5032756
900993
578810
905567
306911
481229
748988
446723
177340
798598
409454
3131026
735791
662642
410096
946344
352359
654772
370132
782876
460060
849365
410032
687394
320093
302232
276696
612807
571791
8288794
702874
783913
3377074
515595
189957
174999
1181293
8851006
5206222
509498
671396
2765205
6684403
864473
270053
439018
8643845
755226
634417
8178699
558832
855572
610321
4219422
313505
135610
39523
434057
204560
289914
3798726
977065
237346
691382
5172293
9893525
6119374
6591322
710833
863508
320339
800735
486411
835774
737118
713157
819289
120561
861964
518473
666599
684954
503267
967552
293552
899994
474444
661769
468518
4498690
781667
427576
65773
92229
929943
733243
12924
915502
6569514
941542
955401
408154
657373
237350
887593
269093
596649
758301
256103
9157606
95050
4807992
430798
750271
2651687
284566
634918
555339
8067449
618855
723998
767403
750283
921727
2559605
268127
614232
4818518
464341
1174948
435972
3772701
690947
826663
893808
112201
4868006
864380
540126
4805483
203011
498456
759791
961379
3804198
623669
527939
654794
862561
8499624
854933
1354715
427496
494453
142676
583712
183806
5369041
179925
959474
684258
898195
986853
157924
22781
27731
453950
383397
836266
153810
908069
319605
438106
659052
88932
977141
30282
836519
459549
778369
7826824
767385
8691684
644165
59652
124473
242415
616464
610789
690231
6033495
151151
303237
796951
227058
711270
119061
105165
2137764
9505991
346416
499357
822690
973379
53221
849438
183731
111168
841438
886339
897563
904122
161351
436849
1491861
512568
601373
9215094
343320
318109
3325588
199020
234435
1642047
336804
239180
4084
339996
616014
892443
846413
105811
2747093
260679
984670
328788
8740139
199578
218423
473323
974319
846778
616672
630564
283574
663063
944520
431633
510589
595027
9940315
586742
802354
280267
485129
934849
428686
280294
244205
827389
888914
585800
276641
308433
64516
4236190
695417
845228
397214
792763
635551
62109
182213
124434
8609390
430802
532778
770895
317735
7529838
888249
353316
7840516
9711645
1641723
853885
614376
799435
627518
365972
4706615
525268
8213637
43723
324119
377600
7448390
68020
287484
336312
458757
646654
7642041
37349
585995
450289
8775799
992593
340864
281382
845657
291673
51174
176183
65491
2204819
605452
8115278
979422
322494
5370458
1278977
109092
8901019
992255
25416
951618
316653
540640
8688064
9982234
48242
702088
381491
6169302
185608
747425
260750
262100
461735
793252
948991
690933
992590
2701111
192506
738109
3130472
374424
627909
132419
402074
244205
432644
589595
375389
885475
494453
823952
177694
398739
183599
5529966
8364119
279436
896504
502736
616730
3318951
178003
176680
470815
336973
2055604
8573415
266013
183452
835859
288701
6981439
9143738
493154
37635
288440
465916
635796
9102944
720537
9714977
80323
131186
533980
896470
154572
727290
635021
381951
995287
615315
683417
932988
841822
465330
520609
796237
524604
9032530
291267
414830
557988
449204
944246
921690
50707
6966597
2168033
375823
982535
143782
323748
64108
684661
3051202
515608
479815
567224
169301
2350369
739641
672424
477190
198866
722889
71323
892975
124663
6377571
843222
104776
999834
964839
205267
391490
494561
666843
646425
821567
9908925
980434
179061
7813517
105683
322241
469709
707759
380314
397497
927587
742720
536313
368763
751261
7147181
406396
679720
984292
516128
374453
2299546
840085
4324530
886523
570757
376789
460846
371257
9040763
1001907
8644100
6023447
64596
776679
90923
928580
3918480
757031
770992
673699
274263
571288
3666169
6899759
931104
707037
9567914
8977392
874891
119327
5316026
997758
399822
148141
184057
7478321
965385
853576
781667
838544
769330
975778
718963
308800
472714
529071
546766
144217
717254
89623
936297
321550
8542433
217695
4080039
703748
825066
182911
817479
650970
249902
818254
228318
608002
152299
719610
270953
554837
3412188
675574
465020
691450
8187298
829179
39459
684541
208859
84409
967106
851510
3369014
107746
6795030
9908323
9202090
9134834
982598
703
293290
545141
755625
712420
169222
235643
452890
766049
671177
1058719
6910771
429807
306465
372973
482726
73264
528412
415764
1172516
959249
834008
27549
271064
975445
239757
435360
801005
2727332
209641
244229
316597
25520
385112
893082
458107
4324
7132020
63
22272
997787
647608
677686
8365845
220370
380683
990407
504637
83978
170768
129146
666739
680123
5260835
5941527
726892
860923
279502
934015
941102
220120
664501
2174399
1283909
390327
776084
3662737
653698
3606536
421327
972151
289515
408181
735690
9974454
54742
530301
371679
707618
655668
795583
7140831
800978
535180
477844
794981
6308207
529041
20882
355014
7342370
3952705
50465
413073
528734
226289
975479
6647
725504
807306
318704
592747
3481464
783025
84805
364300
679347
555627
634456
226305
724227
615804
518042
46114
765524
357729
45962
4059040
754595
157262
825139
340712
348599
72672
822256
842234
416439
638857
45895
92430
253970
433935
4735430
114577
679681
992733
809745
214451
1453326
316671
3762120
924880
339997
550187
723507
603371
2647529
53190
883366
31468
3469108
434339
9251386
430527
952713
644148
631222
804814
839405
1340263
507670
841710
359613
684396
630564
827451
845113
805776
39720
95066
500508
775585
674373
7597272
424408
579916
868867
880239
42249
7152545
455604
14225
3811707
223869
111168
6291133
969099
8329787
298593
26235
746122
9365641
4406846
173041
477904
783292
543503
856488
398112
329782
270345
208737
562450
367590
591506
240222
908560
706251
545241
327940
117644
288447
9014840
9614575
712597
148548
313830
470179
2249855
838729
355131
27685
375471
279449
558410
10157
97530
983854
895548
976531
52227
409459
705320
410523
4864972
971636
606202
489771
662481
254913
66452
6919972
971135
191320
822550
146662
211457
3711087
948757
548979
7269887
43204
69464
2756629
98198
524775
232693
432650
502891
972034
581114
574275
83844
873245
524542
588201
697345
891826
406875
4608499
461861
5853117
3240798
996705
671162
492416
780399
746484
7735329
3306353
788196
430225
511391
595975
556079
748640
6183016
303822
198673
455899
133275
848520
292382
105121
630655
562200
748712
4746536
13792
631579
58533
645674
643964
635945
511645
725059
324744
5610320
2031005
546695
382668
986853
5222473
8034369
815912
775198
167069
767305
167084
247101
569509
687522
2307924
105685
7241756
4707039
83276
6457017
697532
742031
150591
855007
1785934
740241
287692
680565
11277
599328
465145
9967978
234450
466737
601846
653010
84754
379984
1739424
445144
99814
122206
467377
9766822
64959
3719873
157706
957032
607136
301603
339633
264773
191420
98411
548468
672598
155790
687839
272732
638022
468296
987170
613206
618725
42846
433781
173876
45603
365889
204371
531343
8306054
662771
303588
915174
177155
87938
878842
115789
234030
975741
60152
1070420
955514
389765
784580
372600
180160
820735
976952
9618774
5896527
874604
822662
799814
8862
708720
796093
78602
291886
939686
572653
385402
90166
514266
511257
577298
41939
5354321
275189
5534353
419657
129996
386847
289206
561775
643349
589040
24454
569873
981054
557389
850640
988539
811634
207125
34442
4078884
677241
5919481
668545
968498
435769
7163146
766736
140936
57151
722113
820891
597416
431934
6808634
9112915
276253
889963
725355
930192
537116
757567
643974
497908
810170
615929
730639
963792
98536
92970
585143
577884
914456
961853
480540
764034
336023
170055
977266
623996
709340
660482
35741
229147
366269
301211
527511
506301
17774
518935
3363449
240726
2146
3539472
680109
330209
794574
562025
719197
744992
722581
58034
22489
594444
46142
871915
679171
386228
8743401
597465
858798
986886
13046
140266
5839230
3880692
9878645
98166
5046517
450672
590563
59821
38650
680904
4199166
6556549
8274060
1458185
574614
295438
999309
887302
401193
65796
689499
641695
561902
6763866
3165195
104448
449159
938443
576080
204283
535868
331088
221844
451824
2788373
690474
2489776
195069
22031
999698
500359
399628
319957
937275
1434570
640539
992160
118038
930775
228364
8446802
78756
208773
437024
695116
581015
974418
482765
6040635
866323
68100
191690
205724
42681
379818
605794
430378
745304
790118
370670
848099
521992
339629
614895
200585
528023
127752
114522
26039
513747
3977224
949407
252149
422745
2639222
741624
607379
974097
398642
473726
746794
5426256
669939
241790
710660
546425
121598
769691
438491
993109
167008
181509
218367
154842
576493
360252
847270
198586
3911348
536876
126008
846361
130900
641213
495694
783799
224177
1740719
583225
108378
518741
568606
384143
508009
755100
713011
438818
109342
639236
8009460
116298
1814756
567870
3258144
6918621
5724761
621713
526698
1651704
889784
9376106
4350706
902795
724161
323689
502860
643167
798151
803176
301457
1199974
50287
891372
949510
255000
587652
948697
360501
123493
9053014
906243
420090
347014
7182803
857459
190798
235591
11177
783527
857210
210744
657724
281673
590625
93744
339331
647548
44954
748351
2262152
8115740
795951
358750
191001
5053960
132155
578805
402051
650526
804231
64490
852572
460847
583264
760458
956477
5510461
302705
95474
958718
723674
7901300
8490554
520701
9097979
2445686
376834
5592402
878976
747553
601392
226592
2896315
465501
41898
423398
1033002
166787
798512
7510900
578667
207096
622081
586530
92462
966906
1324515
439318
76353
611658
489731
27713
733757
40396
299261
9376872
893418
862826
152037
447427
425243
671060
393871
985998
917350
210860
766980
808989
797670
731358
9487968
543797
6343346
8557488
45966
3618970
1771839
585617
701779
509871
789847
750635
752754
733599
758021
346872
588670
483906
233543
1650347
213668
6341862
461567
1453150
293758
871087
610507
2023125
251360
702276
7879783
442803
134776
1850384
152422
8660413
9520778
903841
235332
719719
70717
114871
121225
491661
164105
876500
142155
381641
853184
966868
5830604
4826697
636625
792820
3247004
654021
658032
932747
997001
477256
889329
549228
56643
8896019
8414118
829733
744884
356363
7917387
4900604
2239605
517994
7393433
110779
796834
931104
314264
424201
1021091
3803466
496886
3390083
2876917
477179
91237
277250
880541
7575330
328267
755717
199183
750521
133002
7343106
908836
264131
440464
640728
5297111
581133
349093
3978401
886976
188293
351102
123900
206922
985155
102193
3711494
464657
6355144
107262
221215
172406
429114
154321
414830
390415
476359
1743588
321333
4075156
901403
1292636
415607
142982
455337
903392
953625
220676
987657
804856
322490
3833576
747924
481214
272092
855510
734102
680572
234182
274830
608446
750193
730553
929963
990005
261098
8011813
583858
520179
553288
212178
657010
797740
3236131
9350133
543919
329028
7573130
923259
284494
380768
158890
635314
639953
823541
558233
473680
609718
456242
1003748
957806
327248
105415
270018
583225
340959
832371
380766
490335
9639130
2095701
193998
9546287
382092
445711
563209
6066
872066
8602608
2188646
792026
384460
410140
740514
760579
31942
965008
239401
6199496
787081
1064195
202782
1313653
530098
966751
289636
250805
750917
14607
164089
992324
3248960
88863
6277454
154765
5793001
746501
816237
660150
129873
9203
799126
9140603
232250
862072
9970748
571804
740037
669799
683094
124485
605238
133340
278389
904538
95059
384035
128658
353324
785869
2554490
976655
863187
769853
460029
114180
5361894
987015
879751
384025
971860
887454
740272
537491
878757
433174
736419
1351711
176884
8530615
404754
300339
607264
296593
519130
949224
273269
499340
151064
48720
548592
823444
583686
222186
859441
376831
9275921
106131
999160
132566
553731
8388493
902477
476831
433424
411806
294074
730852
160866
393679
514036
281307
935119
801024
633584
4260811
356428
917208
431633
1907910
150359
3357541
959861
542799
849357
858442
1644542
3661693
441872
6030440
674131
909887
465055
188976
787148
571914
823083
506138
821813
872581
207835
591986
497683
800007
24029
411311
545186
303511
91461
147135
3573164
239806
4869105
6116808
332842
885187
963426
272066
963364
416717
659858
5021656
655762
77239
669556
271186
682549
6746265
224894
29835
1559327
210151
178826
315529
28410
4800
317739
266551
665429
590813
868516
886651
156937
545224
245128
752202
987204
970726
520474
960223
361389
925436
660742
513273
5274943
412169
730852
535016
300831
254220
407096
170288
8265548
550402
21240
623801
655379
115184
701982
518354
981626
91196
127588
387666
86318
618442
154210
795324
502308
565174
475092
437790
7443024
297857
938387
208656
217086
996133
996556
925376
975410
453604
4748
497081
2321823
246275
671257
3481016
609332
54932
8829802
2264473
127173
168877
7007753
871821
360958
7563291
489696
250721
703653
204469
35097
255085
240646
944490
2463464
780096
364767
863645
422241
8765
530319
8947269
5190935
773199
75534
640388
5862718
3909611
232317
250943
6568140
8284826
354923
503982
472647
44251
459632
8007171
302560
321365
344793
663742
339013
968476
286152
2879723
406151
794098
938015
697840
119541
5253871
862891
251106
729613
917776
272626
379524
4939723
3020334
3825465
719139
639515
897662
469628
850745
708079
5483882
383279
368819
2313917
6917743
290571
156522
1506366
157475
972784
34815
1728129
196170
5754244
266312
12790
4090353
1246270
412944
388963
890409
622012
765227
514456
747216
873727
2492
269734
141590
197515
562324
860576
1351885
4268685
629808
5805312
261458
64453
7744301
560172
229744
575782
51095
6081649
832545
765899
5889284
17802
417184
831225
5319088
415422
938269
2057824
845999
42659
617072
3712726
842807
4123067
2475344
338480
385821
228697
867802
653662
210506
71153
857243
166918
5319032
458063
506590
49491
820918
75292
574292
286850
72656
773199
74901
187746
540186
312039
916089
48160
284364
916329
2701240
562001
954488
6512084
950696
608354
764327
9638849
521532
622285
517406
322590
697840
991592
628967
982128
518670
476433
722636
2132196
225042
343482
568966
5611
17620
5495104
510124
349037
236417
984739
41790
2184
573469
295328
7098063
132772
8886413
103734
751317
583641
233966
199455
519520
447565
187328
5744904
871232
9538932
8269487
120452
163622
359470
293216
491883
713668
996556
9897137
932508
533987
646778
951157
346344
466996
761608
915342
595134
950589
428728
7643103
942313
266458
714927
482857
780743
333069
957108
7585757
972058
732441
489416
626404
34241
292510
738322
819770
376066
567729
476344
849223
515928
416274
740897
777035
54742
839829
888544
470652
568396
197521
5792210
262929
981108
219322
90207
1360805
565874
245102
781858
4330
841739
274270
8127539
854897
383870
2742401
739655
1442444
544151
880767
198098
833836
137266
679650
645898
4377714
90925
480768
834615
8507583
477805
708633
180243
572675
477728
9994189
4719009
957413
404230
685687
5623549
6266314
477127
502875
1755477
7827279
775534
401530
466448
2610010
4837905
237711
185324
707859
836925
893502
764914
783123
573960
49572
112083
485486
685259
567729
370969
758231
7990102
6398
356692
210705
7420606
415040
843659
885080
247177
442878
591815
589633
611692
973546
218713
533889
236679
124225
349743
597633
479070
559647
908876
550260
21622
6427733
342001
4694370
941234
637235
7676367
524476
833133
141908
219508
724803
805425
503563
6526484
620977
981900
25075
123315
2459276
423332
316004
827907
3780881
247386
6590613
961229
902895
7158410
97379
666579
486980
2199760
346780
714033
187391
887302
297204
5102373
243357
15764
695723
610643
887245
167364
5614595
273925
8210814
7174877
609540
791383
733023
49172
672453
846763
759404
849623
890919
5633959
130067
466361
965468
8642286
94653
2146
126170
205305
208930
279579
7870468
564877
3848470
237357
399449
723507
722051
34326
4046
895906
350844
241809
205182
318171
8008242
558816
1445484
3710475
748161
2288865
421090
663204
384122
7572873
562710
536530
419657
1863641
4226014
323268
575666
407356
271894
619004
9467700
454788
228433
808170
969419
2668276
775548
358213
744416
334034
251223
3005484
361580
450158
935308
520428
603503
981896
2746359
7237518
1152686
84138
4135175
5226404
871685
647608
905765
467782
1670814
759545
954982
218839
687660
594087
574229
1753155
301594
188894
822784
423967
6039215
975506
281215
4940456
410751
6432778
727995
292003
9055732
752833
163480
475905
769301
653412
1278878
455831
301473
952597
40375
287712
4794508
16638
796060
935724
671496
912793
134053
4377997
401208
593371
983433
4569843
992830
251627
438265
473542
9521281
766498
9056097
933721
5172251
921742
572613
606525
902100
237578
21614
750688
9297583
64318
299704
532497
8015364
705096
644862
536538
274552
115806
226210
510124
760590
5597957
139390
615080
5970186
4814069
824471
9502583
138429
956278
5609690
979946
857017
834521
371072
780436
543547
901943
5182838
980210
677680
4519324
888989
461072
223897
188671
73696
4013242
481803
4797529
143633
406141
586755
233651
809577
620354
433817
8123111
536482
733265
171196
828167
286944
859966
3742222
996323
17175
250190
712374
665481
667224
355901
729967
519515
55015
4187204
408970
459986
531151
531698
329856
6540482
394646
274465
990775
1292015
268255
814227
211942
562595
731613
159152
324725
587704
12444
238261
3500154
331477
148282
918460
124151
223904
164544
76184
5735373
580255
524283
461871
450345
237540
862470
524602
3850000
7682192
352062
725646
664308
913503
4220792
132232
4014735
843276
7034122
9017669
412762
151800
214958
110959
918604
132387
333964
623534
356944
465104
589239
178603
805317
202222
5740530
4424922
210139
486130
268329
775854
397984
123585
1603060
631619
562774
956265
91783
494157
806679
768700
426605
1226
2461866
139428
332996
327512
832668
254645
686743
1423196
763017
126114
527892
794363
884856
886324
8573880
562754
334628
760844
471907
552576
840762
1428910
995297
38739
820086
30551
599387
238236
400208
855272
618896
3070987
988561
53301
388064
428367
118844
1323855
726304
576149
314636
674417
520472
826598
423617
61730
7015194
538717
965669
897609
5894328
946955
633799
756696
826591
349412
589173
304315
4867876
235479
683835
975217
295972
115832
782464
695449
224650
7254442
59803
233015
474624
741624
9304429
571932
8213229
57156
229
137132
5348
276704
587121
410769
9101932
985436
1620500
517632
633799
7934141
961299
1536660
659156
126528
969769
214383
704911
2832996
342102
1056962
6839835
3412204
645151
466201
499894
319702
374392
773320
576957
919316
715620
905960
601149
386940
832858
9388408
719292
634974
189570
932110
3392222
583674
369962
199373
734359
450456
967351
793610
285873
530056
937869
3647673
372203
377909
365342
467951
293901
50638
191202
825680
776094
542935
984040
187746
8003733
352131
191086
583960
477119
95813
1294240
850840
790657
1293571
7595316
925300
3589195
979096
159247
870319
370635
194940
6073549
711730
333302
193797
1820042
119681
494359
1419315
559507
240740
132652
910778
351004
652256
283430
545263
64763
6588679
350009
582343
461735
484908
929494
556952
1897432
406943
2881678
932464
936911
521935
1537598
992146
587209
2422197
4525977
259710
3945715
104222
8566284
4655021
302180
847030
797832
579619
575906
8561641
9446231
341893
881511
525740
302805
527493
4579624
810028
861203
768832
45124
778062
896047
9862198
743117
64795
376108
82036
647451
183043
5973928
156779
165843
438761
246393
2252974
2433285
8864738
739497
861404
925728
3351
262170
882117
714892
417620
805193
1125718
992554
248610
486278
920634
2681340
472429
412153
2046564
1520060
523173
955232
91637
807052
5902307
598688
687559
142157
793862
520710
157267
682814
587156
876091
813963
1669505
9548502
2697972
164800
565874
609945
219416
118505
968013
241615
430712
478232
126333
344800
7863048
104796
809120
576815
3969886
176015
363355
680112
6353577
408171
899313
101326
63543
9546
833363
908092
112624
6106575
962566
205167
889892
5970569
550533
864887
616208
922977
863557
586812
880541
517897
987967
6624223
39720
8237034
7837091
964957
76890
92824
16659
865307
749826
564919
603158
92917
6784781
878110
6790031
426648
193118
726918
358212
587583
612351
487623
341684
9668809
203076
822594
912543
5718853
3437277
291555
981147
241597
49309
2349836
8499902
244738
644862
210650
793442
514944
424500
807052
333423
749534
7436796
966880
1849942
168959
697002
909168
507494
423852
933735
264083
301097
770668
343071
350364
4052208
489954
22232
458800
177798
452624
2971555
460262
414409
333321
20604
6110092
172406
72832
1961471
7971247
5597030
580084
80469
963058
8130840
207721
747690
267483
854255
239322
4596418
3854433
1944367
683243
431285
671881
978915
3585
432074
752435
783968
83620
660994
702207
706884
653557
858615
850293
666831
427728
24930
708180
648390
15249
698983
3142904
285784
488969
776970
934880
236056
843841
28021
614222
516777
255751
268614
568000
688261
9633153
6053319
721902
812072
8376030
665301
977776
32735
7883503
8396552
829232
49732
803407
2031129
1882922
546701
328922
5117742
197915
694876
112666
2808483
492367
220040
408010
1388904
539352
9708768
411197
782223
817479
352448
8359548
507831
817083
372104
772777
956507
357443
1975564
956032
532050
275150
67962
880132
561803
537027
997955
775750
766157
8558216
505250
293536
10339
1407399
358523
356009
828445
926920
487444
5089054
450448
732706
674010
809642
8929572
757810
213784
303383
763260
751207
83241
110384
75734
515859
450230
963511
21642
7583439
368284
239022
651473
6384287
938199
482412
358601
833800
40668
98636
876941
705590
7639198
448700
210506
891787
887277
680186
9558
836451
928956
305814
5692196
8725458
412837
981279
6043860
7848921
524637
400596
664321
861932
2558
613079
452764
930580
7494939
7799815
791161
824854
378082
399233
329139
181008
853503
143283
4485702
1632882
588082
145878
478515
866834
163762
154568
804288
841508
4346895
841355
836947
116488
525057
9243101
9469780
52694
312819
6759556
408948
775495
912459
180011
543350
532592
190379
200898
754181
8661183
734759
330058
787022
7078331
587606
540912
610240
234389
295993
60503
459474
3508082
770617
267534
147728
2328373
4236344
899411
368769
779362
1210502
856384
620264
9322293
367834
39357
6366930
223065
912842
502460
560424
5877
343086
7917277
442117
7787704
178355
288508
466737
540527
18937
804913
792300
995821
6267149
879472
518612
564289
944930
598568
275567
143402
879042
780610
8399521
970662
863712
848364
865300
810268
771902
1685053
435147
928389
5546570
484880
824685
118038
707970
469916
787689
147130
144367
906098
227305
3730059
552725
684250
6858901
288250
679293
600596
324740
3386817
62188
5042735
213723
295494
493105
774909
2442089
917947
579243
151935
130016
750118
175498
500180
496321
705706
84439
807658
934755
696785
139679
374148
664721
424376
703103
4538336
467779
510652
202782
9283414
7292344
7826561
119643
5220065
923890
7018104
826002
497570
9184204
295719
937604
215614
24755
363587
819804
888744
846277
712226
794258
2383070
150706
849491
374865
439623
3892510
8407263
4814627
74226
158681
868745
1749827
418787
503555
540886
341274
686129
2046551
700016
